-5.554047040630692711e-02
4.005207481169602568e-01
5.187215435145940967e-01
6.723321893369095248e-01
4.032831384651637818e-01
8.489336075790353264e-03
-3.756494090881459247e-01
-5.638516751343546352e-01
-5.622589239495792146e-01
-2.155130733670349574e-01
6.486690339893588786e-02
4.063541836138606089e-01
6.277450878127218692e-01
5.189532809653454315e-01
2.747795905039036035e-01
-1.239022436703610952e-01
-4.399887654568496176e-01
-5.663136549771207173e-01
-5.676266154347585635e-01
-3.611997827929632754e-01
1.300474118995478545e-01
5.030458029832854949e-01
5.398011538953394473e-01
4.130871983086099042e-01
2.278197654813379214e-01
-1.402281459923353513e-01
-4.486379140463584436e-01
-5.668141227470794297e-01
-4.672925432711044769e-01
-2.015075200036633429e-01
1.180052878461754218e-01
3.910582032595787960e-01
5.722217655407002557e-01
4.454718667654161690e-01
1.317885085440810844e-01
-1.034082216751899264e-01
-5.985583509579419648e-01
-5.891482033200140522e-01
-4.216063851196147350e-01
-1.489925880958285487e-01
3.688287249058509465e-01
6.184362943703392013e-01
6.823926735266820920e-01
4.530525407852178943e-01
1.115495524593713567e-01
-2.157915620231702913e-01
-6.514163146189004827e-01
-6.078921628118948428e-01
-3.878719571487144191e-01
5.486513153482791560e-02
