-3.237399235956450044e-02
3.764165124368831772e-01
5.570397593946498915e-01
6.711524743839798468e-01
3.632250827576464780e-01
-3.710646774959579924e-02
-3.186807138556388974e-01
-5.600458616480439300e-01
-5.262787189113992126e-01
-1.676151746212451998e-01
1.323428151990752866e-01
3.282042457214858766e-01
6.118047253734643087e-01
5.006342121257278954e-01
2.624081408101575086e-01
-1.137096935575703932e-01
-4.082609791424960943e-01
-5.828730985964141187e-01
-5.701590056280164687e-01
-2.133585695939707039e-01
1.417607604187940129e-01
5.829495501276964475e-01
5.249353412742011615e-01
4.493015851484998824e-01
2.557292154200246914e-01
-1.691457456011956073e-01
-4.668903619644790837e-01
-5.500168889357819335e-01
-4.185852077615720979e-01
-1.299257685832816978e-01
1.635488739925975987e-01
4.719257766741180027e-01
5.834517400449426017e-01
3.983420061387857869e-01
6.144735069442040093e-02
-1.543144539555373895e-01
-6.454873647969359141e-01
-5.734714571076723333e-01
-4.262138125434575819e-01
-1.092387003787495953e-01
2.500755857830224138e-01
5.533250785779103564e-01
6.551946922205161838e-01
4.058757236093792908e-01
9.545368002227599957e-02
-2.153197077531285863e-01
-5.841559306050634337e-01
-5.525612066742672246e-01
-4.046881527313320737e-01
1.137384082247400044e-03
